50.302 3.423 47.804
49.684 5.854 44.959
52.837 4.626 43.307
51.629 1.063 43.197
48.252 2.202 41.913
49.805 4.131 39.016
51.964 1.126 38.049
48.663 -0.681 37.683
47.244 2.092 35.486
44.543 2.901 38.081
43.135 6.442 37.998
44.196 8.685 40.850
41.571 8.809 43.612
40.344 11.923 45.457
42.031 10.512 48.629
45.277 10.422 46.711
45.002 13.796 45.019
44.384 15.775 48.232
47.347 14.170 50.009
46.097 10.872 51.380
45.795 9.861 55.032
47.751 12.781 56.455
45.681 15.317 54.552
42.435 13.711 55.820
43.576 13.656 59.430
44.322 17.390 59.325
41.044 18.184 57.630
38.990 16.131 60.066
40.672 17.682 63.088
39.912 21.180 61.762
36.396 20.103 60.730
35.320 19.203 64.264
36.864 22.335 65.754
34.494 24.174 63.440
31.509 22.009 64.103
31.909 22.268 67.867
32.260 26.078 67.731
28.980 26.402 65.861
26.241 26.913 68.508
23.748 25.434 66.028
25.634 22.087 66.053
27.669 21.612 69.198
24.887 20.153 71.410
24.457 17.101 69.119
27.906 15.997 70.283
27.376 16.650 73.979
27.538 12.929 74.808
30.400 12.089 72.437
33.946 10.900 72.821
35.467 13.173 70.218
38.787 11.290 70.021
37.000 8.110 69.054
34.634 9.884 66.628
37.376 11.801 64.858
39.118 8.435 64.558
36.083 6.842 62.877
35.547 9.923 60.630
39.105 9.725 59.312
38.414 6.084 58.359
34.998 6.792 56.873
36.214 9.827 54.874
39.339 8.074 53.632
37.298 5.092 52.375
34.626 7.313 50.850
37.298 9.106 48.876
39.171 6.047 47.712
41.716 5.279 50.456
42.565 1.643 51.311
41.876 1.822 55.059
38.944 -0.142 56.534
36.093 1.739 58.101
35.649 0.265 61.581
32.566 2.200 62.614
28.844 1.682 62.663
26.593 2.197 59.697
25.519 5.775 58.869
21.767 5.233 59.044
21.899 3.482 62.429
24.259 5.973 64.048
22.316 9.072 63.010
18.663 7.895 62.984
16.725 9.350 65.916
19.051 12.290 66.475
16.739 14.995 65.109
19.305 16.028 62.491
17.619 18.053 59.694
18.867 19.043 56.244
19.559 22.476 57.820
22.040 20.846 60.230
23.530 18.502 57.584
24.129 21.556 55.361
25.812 23.455 58.127
28.044 20.416 58.709
28.823 20.239 55.000
29.810 23.914 55.066
32.317 23.340 57.841
33.779 20.400 55.870
34.162 22.625 52.790
35.687 25.305 55.005
38.192 22.889 56.492
39.098 21.621 53.028
39.423 25.216 51.802
41.625 26.055 54.730
43.915 23.082 53.904
44.399 24.404 50.398
42.285 21.898 48.506
41.243 23.415 45.117
37.610 24.439 45.048
36.817 22.178 42.079
37.920 19.219 44.218
35.894 20.364 47.200
32.821 20.396 44.987
33.685 16.878 43.902
33.958 15.806 47.546
30.658 17.446 48.453
29.283 15.387 45.555
30.292 12.220 47.380
29.035 13.298 50.768
25.722 15.022 49.835
23.841 11.801 49.057
24.635 10.560 52.547
22.106 13.053 53.885
19.540 10.428 53.000
20.945 8.252 55.800
21.899 11.152 58.031
18.842 13.378 58.368
15.991 12.644 60.773
