0.680 15.504 15.876
4.215 14.068 16.715
4.326 12.364 20.081
6.969 13.357 22.606
8.744 10.026 21.855
8.811 10.896 18.097
10.206 14.346 18.884
13.051 12.853 21.014
14.025 10.543 18.006
14.139 13.614 15.659
16.147 15.762 17.997
18.629 13.040 18.966
19.691 12.639 15.413
19.541 16.357 14.645
22.093 16.971 17.520
24.487 14.670 15.536
23.802 16.873 12.349
24.835 19.811 14.394
28.325 18.333 14.957
28.945 18.970 11.157
26.276 21.390 9.809
28.334 22.379 6.724
29.171 18.956 5.615
25.590 17.767 5.928
24.360 20.916 4.111
26.708 20.174 1.205
25.781 16.595 0.872
21.961 17.469 1.073
22.159 20.183 -1.630
24.361 18.089 -3.969
21.960 15.198 -3.668
18.994 17.500 -4.468
20.714 19.029 -7.476
21.927 15.758 -8.981
18.667 13.874 -8.391
16.392 16.778 -9.496
18.298 19.027 -11.844
15.415 21.394 -12.273
16.015 22.601 -8.739
19.277 24.048 -9.531
17.803 26.393 -11.995
16.027 28.189 -9.145
19.403 29.427 -7.925
20.956 32.253 -9.895
23.727 31.976 -7.362
24.618 28.281 -8.163
23.416 27.663 -11.769
26.887 27.886 -13.188
27.969 24.534 -11.393
27.731 21.626 -13.659
29.703 18.734 -12.118
29.574 17.123 -8.659
33.311 18.167 -8.047
32.518 21.742 -8.957
29.619 21.649 -6.458
31.835 20.160 -3.696
34.501 22.836 -4.269
32.099 25.833 -3.965
32.445 27.626 -0.686
29.282 29.739 -1.318
27.237 26.547 -1.842
28.439 25.233 1.497
27.430 28.578 3.066
23.853 28.281 1.749
23.748 24.717 3.092
24.428 26.117 6.569
21.723 28.835 6.044
19.188 26.042 5.204
20.083 23.630 7.977
20.252 26.375 10.636
16.647 27.519 9.795
15.450 23.868 9.657
16.934 23.206 13.045
15.349 26.174 14.636
11.960 24.897 13.331
12.457 21.423 14.605
13.430 22.463 18.148
9.996 24.193 18.414
8.377 20.719 18.346
5.525 21.856 16.095
5.111 25.434 17.642
6.813 27.063 14.674
4.404 29.530 13.472
6.766 32.441 13.804
9.589 30.727 12.163
7.618 29.487 9.238
5.866 32.594 8.300
8.862 34.519 6.793
10.130 31.408 5.123
6.876 30.536 3.308
6.447 34.104 2.387
9.871 34.299 0.585
9.623 30.850 -0.894
6.144 31.544 -2.363
6.663 35.031 -3.533
10.361 35.718 -4.148
12.019 32.380 -4.759
9.008 30.580 -6.156
9.601 27.139 -4.763
6.904 24.566 -5.439
5.779 22.433 -2.608
7.044 19.354 -4.587
10.607 20.648 -4.408
10.238 20.748 -0.659
9.288 17.090 -0.915
12.451 16.459 -2.870
14.825 18.197 -0.316
12.949 16.265 2.407
13.910 12.964 0.676
17.642 14.221 0.270
17.700 15.052 4.094
16.533 11.588 5.002
18.916 9.878 2.476
21.936 11.776 3.974
20.964 11.203 7.562
20.703 7.455 6.739
24.155 7.532 5.149
25.811 9.360 7.949
24.044 8.119 11.166
22.775 4.587 10.584
22.916 3.665 14.346
20.943 6.526 15.388
18.692 6.445 12.195
16.843 3.117 12.383
13.303 2.755 11.064
11.741 4.242 14.117
13.763 7.489 13.772
13.279 7.522 9.984
9.455 7.338 10.463
9.630 10.189 13.057
11.836 12.401 10.745
9.468 11.783 7.860
6.558 12.868 10.119
8.277 16.049 11.161
9.235 16.978 7.576
5.592 16.247 6.415
4.325 18.686 9.186
6.717 21.384 7.921
5.413 20.842 4.323
1.727 20.798 5.466
2.139 24.103 7.297
3.968 25.820 4.517
1.403 24.433 1.954
-1.409 26.135 4.032
0.430 29.444 3.764
1.077 29.108 0.020
-2.690 28.479 -0.456
-3.560 31.582 1.378
-1.122 33.656 -0.757
-2.455 31.972 -4.062
0.798 30.157 -5.010
0.550 26.719 -6.804
-2.504 24.983 -5.413
