52.649 24.392 6.288
49.639 22.038 6.402
50.326 19.127 8.953
48.294 16.285 10.467
47.907 15.067 13.970
46.950 11.402 14.425
45.729 8.969 17.274
46.079 4.995 17.854
45.447 3.511 14.108
46.972 6.692 13.268
43.782 8.751 12.927
43.563 12.425 12.042
42.029 14.124 15.057
43.333 17.445 14.088
45.880 19.700 12.438
49.120 21.537 13.169
50.165 24.669 11.219
53.577 26.303 10.600
52.910 30.037 10.739
54.690 33.267 11.586
57.870 31.471 12.801
56.086 28.827 14.948
54.061 25.617 14.879
50.484 26.266 16.292
48.375 23.436 17.460
45.180 23.243 19.442
45.999 21.592 22.869
42.855 19.411 23.085
44.103 17.687 19.987
45.968 15.064 22.004
48.138 13.356 19.500
51.303 13.267 17.545
51.968 15.723 14.802
53.077 13.577 11.843
56.551 14.950 10.837
59.940 13.277 11.941
61.247 16.567 13.204
58.224 18.569 14.246
57.164 15.666 16.444
60.356 16.075 18.349
60.133 19.760 19.429
59.601 21.326 22.860
56.064 22.659 22.761
54.671 25.276 25.302
50.944 25.541 26.244
48.724 28.493 26.444
45.659 27.137 27.914
43.839 30.466 28.195
43.671 30.044 24.332
43.909 26.277 23.682
47.239 26.604 21.753
50.446 24.673 21.786
53.587 25.840 20.103
57.183 25.182 19.157
59.724 27.393 17.488
60.043 26.583 13.658
63.165 24.659 12.666
65.602 27.381 11.544
64.819 26.904 7.825
61.374 25.658 7.875
60.343 29.239 8.771
60.713 30.194 5.211
57.589 28.129 4.422
55.322 29.536 6.957
51.981 30.965 6.585
51.518 34.611 7.152
48.812 35.976 9.522
46.541 39.059 9.129
44.258 40.917 11.489
42.372 42.611 8.572
39.090 40.719 8.642
36.267 42.398 6.794
32.844 41.004 6.571
32.739 38.538 3.707
33.645 35.145 2.722
36.854 33.572 3.633
38.128 30.216 2.562
38.641 26.916 4.321
39.250 23.276 3.273
35.551 22.622 3.109
34.447 25.710 1.111
33.325 29.255 2.056
33.535 30.962 5.458
31.372 33.835 6.255
32.250 36.810 8.349
28.916 37.258 9.795
29.509 40.260 12.085
32.390 39.002 14.303
31.291 35.357 13.951
32.975 33.044 11.570
30.407 30.665 10.189
30.085 27.635 8.203
26.963 25.815 7.243
25.347 23.339 9.505
26.577 19.716 8.744
30.184 20.648 7.564
32.594 20.582 10.574
33.900 18.146 13.059
36.658 15.763 13.817
39.558 16.574 11.751
39.016 20.290 11.489
40.587 21.546 14.853
43.840 23.051 13.588
42.830 24.030 10.083
43.224 27.732 9.082
40.849 30.066 7.501
42.350 32.424 4.941
41.417 35.373 2.876
42.059 35.493 -0.968
45.494 36.804 -0.605
46.365 33.561 0.939
47.021 34.865 4.468
45.441 33.408 7.516
42.611 35.015 9.301
41.986 32.423 12.065
42.572 28.758 13.203
39.505 26.692 14.075
39.102 24.791 17.460
35.474 23.795 17.419
31.985 24.872 16.440
28.525 25.688 17.846
25.567 25.167 15.509
23.230 28.193 15.758
20.326 27.333 13.668
21.156 26.790 10.040
24.844 27.488 10.460
27.752 26.593 12.784
29.604 29.573 14.339
33.203 28.462 15.010
35.465 28.658 18.045
38.232 30.732 16.624
41.712 31.805 17.903
42.682 34.948 16.219
44.907 37.909 16.805
44.393 41.771 16.513
46.794 44.529 15.815
48.457 45.758 19.047
50.700 42.898 18.990
49.780 39.383 18.665
46.902 39.478 20.878
45.712 36.182 20.465
41.911 35.655 21.024
39.734 32.496 21.729
36.230 33.307 20.597
33.612 30.689 21.441
29.882 30.146 21.372
28.132 27.361 23.526
30.623 25.212 21.497
31.689 21.547 20.981
35.367 21.379 20.580
36.266 19.208 17.686
