0 0.002 0.002 0.002 0.002 
1 0.00295775 0.00599195 0.00276459 0.0024668 
2 0.00796378 0.0100241 0.00755332 0.00684507 
3 0.0131469 0.0153682 0.0123099 0.0113199 
4 0.0206559 0.0217505 0.0180885 0.0161569 
5 0.0381529 0.0392475 0.0337907 0.0271107 
6 0.0514728 0.0539678 0.0468209 0.0431429 
7 0.0615332 0.0650584 0.0554728 0.0567123 
8 0.0749738 0.0786036 0.0664748 0.0717304 
9 0.0950382 0.0977988 0.0831911 0.0917948 
10 0.125557 0.125759 0.109042 0.121284 
11 0.160672 0.15829 0.141396 0.154684 
12 0.198209 0.193767 0.177179 0.189219 
13 0.23994 0.232793 0.216608 0.225606 
14 0.284495 0.274419 0.257775 0.269903 
15 0.328769 0.31969 0.299553 0.320559 
16 0.372994 0.365952 0.340535 0.367779 
17 0.417469 0.413903 0.380889 0.413074 
18 0.465211 0.464841 0.422266 0.458531 
19 0.514893 0.516978 0.465662 0.505123 
20 0.568213 0.565759 0.512519 0.550934 
21 0.620398 0.616165 0.559392 0.595352 
22 0.66963 0.663763 0.604398 0.640479 
23 0.713268 0.707465 0.648761 0.683586 
24 0.752849 0.745911 0.690105 0.724431 
25 0.788559 0.781928 0.727577 0.763545 
26 0.821308 0.813082 0.761791 0.798797 
27 0.850773 0.838966 0.794515 0.831473 
28 0.87693 0.862137 0.824503 0.859465 
29 0.902845 0.883738 0.852439 0.883835 
30 0.925453 0.902934 0.879384 0.904873 
31 0.943618 0.918121 0.902926 0.923441 
32 0.958241 0.930282 0.924036 0.938604 
33 0.97033 0.93973 0.942362 0.95136 
34 0.979095 0.947288 0.957235 0.962676 
35 0.984125 0.953895 0.968133 0.971344 
36 0.988085 0.959328 0.976479 0.978169 
37 0.990668 0.964125 0.983465 0.983312 
38 0.992318 0.968978 0.987907 0.986805 
39 0.993284 0.973686 0.990579 0.989565 
40 0.993791 0.977968 0.992133 0.991537 
41 0.994 0.982113 0.992954 0.992793 
42 0.994 0.985662 0.99367 0.993388 
43 0.994 0.988592 0.993944 0.993654 
44 0.994 0.991111 0.994 0.993823 
45 0.994 0.992479 0.994 0.993992 
46 0.994 0.993525 0.994 0.994 
47 0.994 0.993944 0.994 0.994 
48 0.994 0.994 0.994 0.994 
49 0.994 0.994 0.994 0.994 
